7
20
27
27
14
28
29
16
28
8
18
24
16
22
9
10
18
14
27
17
4
30
8
5
29
12
25
18
1
3
30
14
29
10
3
27
24
26
5
23
19
11
23
5
30
3
23
22
19
13
27
12
20
1
26
13
28
11
22
23
11
9
24
12
3
30
12
6
16
12
3
22
18
2
7
20
10
29
18
20
18
7
11
22
25
6
10
2
26
15
26
1
14
17
2
24
19
26
5
13
23
28
5
30
9
9
18
24
30
7
13
5
10
6
7
22
10
6
19
26
12
1
4
9
10
19
12
5
17
3
1
20
5
18
7
27
1
28
20
25
28
21
13
15
30
23
30
26
2
25
26
23
19
29
15
19
5
13
8
27
5
28
21
18
21
8
21
29
21
9
18
11
28
15
7
6
10
24
27
21
22
11
26
17
9
18
21
1
13
27
23
25
30
22
3
13
30
26
26
28
3
22
23
9
5
29
2
21
17
6
26
3
16
2
7
20
3
26
30
17
20
29
17
6
4
9
24
19
15
4
27
29
23
26
16
12
12
13
6
29
26
18
9
4
18
27
10
15
19
18
28
11
27
8
18
4
6
21
22
6
14
13
25
30
12
25
21
23
16
12
28
20
1
28
10
7
22
5
30
4
16
26
30
13
14
5
7
28
11
8
6
15
21
9
25
5
19
30
15
18
9
4
22
6
12
24
15
23
20
6
3
12
15
17
27
12
3
29
23
14
5
14
11
28
19
23
11
18
28
11
12
27
5
29
18
29
9
28
18
28
2
28
13
1
10
17
7
20
2
23
21
7
24
11
13
19
24
7
1
5
7
25
12
22
8
16
24
22
16
6
16
4
5
23
20
20
26
4
25
7
10
12
17
13
21
24
19
20
9
9
13
6
1
3
7
9
9
23
19
24
9
28
11
14
24
11
19
25
15
15
17
18
3
4
16
20
14
17
8
4
2
22
25
14
15
3
2
16
5
17
10
16
28
30
26
24
6
27
4
17
23
4
11
29
3
28
12
21
27
28
19
25
9
25
18
16
26
19
17
28
13
9
18
6
18
6
9
15
9
16
9
4
9
27
14
24
23
30
20
27
13
3
30
10
6
28
21
23
9
5
1
30
29
29
21
21
7
7
28
20
28
9
1
16
27
22
16
4
10
11
8
25
28
2
13
3
30
17
27
12
2
26
10
10
28
13
10
17
1
6
10
18
18
12
16
6
25
30
19
3
15
3
25
5
3
21
14
5
30
17
5
3
5
28
20
14
8
28
17
22
21
20
29
9
6
30
12
3
29
16
2
20
6
26
28
30
12
9
16
10
12
7
26
6
7
22
6
3
13
5
13
3
15
25
23
24
11
8
18
28
3
6
29
7
7
21
27
11
24
7
4
24
15
23
29
29
29
9
28
19
19
5
22
20
10
23
25
8
23
28
21
19
15
17
19
4
8
23
13
28
21
4
3
10
11
3
2
16
20
29
21
19
30
26
11
6
13
23
4
28
22
15
5
23
1
18
26
10
15
3
2
14
29
23
23
7
20
10
15
10
3
26
30
12
6
30
24
5
12
7
7
25
7
18
22
20
17
25
10
25
22
6
5
11
19
3
18
20
11
14
27
14
10
26
3
14
11
8
27
29
3
14
24
21
17
19
21
24
5
7
28
18
29
4
10
16
28
10
10
24
7
16
13
8
14
25
13
16
11
30
21
7
15
21
12
17
4
22
1
5
15
2
25
15
12
25
6
24
23
23
27
11
2
19
5
19
28
16
18
11
7
5
12
13
25
9
5
22
30
12
9
2
18
27
9
17
21
9
3
4
4
6
16
17
6
27
20
4
9
14
21
5
25
14
22
27
6
9
20
2
28
11
2
1
6
11
19
13
28
25
27
6
6
14
18
16
13
6
18
11
1
2
15
15
24
23
2
4
10
8
18
22
25
15
28
19
9
24
29
28
4
5
9
29
8
13
25
9
5
3
9
6
10
25
1
10
19
24
13
8
7
19
25
18
17
22
21
23
1
12
16
17
11
9
22
3
5
25
9
18
17
24
1
1
24
2
1
14
9
20
8
18
8
17
5
16
6
9
30
12
2
18
18
16
2
21
14
30
2
18
4
11
16
14
5
19
21
16
8
5
21
25
9
26
2
15
30
5
17
27
24
25
27
2
8
18
29
30
29
18
13
7
15
20
7
22
22
11
11
6
30
19
1
15
28
6
30
13
13
2
10
7
10
17
6
10
19
25
22
8
9
6
29
15
21
21
23
27
1
20
