11
40
14
27
53
3
47
42
29
14
3
38
12
6
6
11
45
27
14
57
29
57
44
60
54
10
26
35
11
12
15
31
36
51
10
6
30
17
30
43
4
13
6
22
18
31
15
12
52
42
29
48
26
53
19
34
41
18
4
22
6
60
11
57
24
49
5
1
9
18
14
25
2
51
19
55
50
43
60
53
40
38
12
18
1
8
24
49
2
47
43
39
24
20
45
47
45
33
40
33
38
23
9
47
8
36
36
47
40
53
38
55
53
52
49
22
52
20
20
48
25
39
51
18
28
16
29
1
4
32
31
10
11
57
45
30
26
21
51
22
2
40
23
19
22
1
10
10
46
18
1
52
23
18
33
19
48
20
20
12
19
8
43
36
31
1
39
58
38
7
58
3
10
51
6
27
60
14
22
55
40
39
47
5
2
34
50
18
34
15
13
7
33
37
11
31
11
50
50
22
30
40
43
46
5
51
7
53
49
59
31
18
1
27
22
17
37
57
27
9
41
2
41
3
38
31
6
6
14
5
41
5
3
2
10
42
30
31
60
9
34
60
27
35
15
44
18
7
47
9
3
25
20
32
21
19
12
35
48
37
45
49
56
22
17
46
48
4
54
13
25
39
53
1
24
60
51
35
40
2
45
38
38
35
11
18
21
22
31
5
18
22
28
43
16
2
57
45
40
20
44
9
42
26
15
21
28
19
35
21
14
51
29
36
35
37
26
1
10
24
28
60
43
52
56
53
43
16
13
19
24
3
44
41
3
43
38
15
60
46
58
3
33
45
59
20
48
45
17
33
21
20
19
16
21
56
53
42
2
53
13
9
31
14
39
2
15
15
35
35
57
11
8
32
12
42
49
54
15
45
30
17
29
48
30
28
46
30
59
27
27
28
51
39
19
50
31
22
42
10
59
56
15
51
43
41
3
19
2
3
30
2
27
32
36
26
32
46
21
44
28
38
48
9
11
54
17
1
37
7
55
43
21
20
1
39
24
10
12
33
57
48
19
11
28
50
12
20
6
39
49
29
17
1
7
24
54
55
60
30
55
43
33
56
58
53
59
17
7
3
57
39
52
51
43
31
47
10
50
8
44
17
46
38
17
8
29
59
8
32
56
49
5
37
11
4
47
57
56
13
27
54
23
51
53
29
21
16
2
47
50
42
27
9
45
15
45
49
1
24
59
45
54
45
30
11
31
38
4
1
40
15
19
45
26
8
55
40
14
57
59
14
52
21
19
21
55
36
30
1
24
12
18
16
56
13
31
3
9
27
27
44
26
49
46
50
37
9
53
32
42
9
25
39
58
13
57
42
39
5
7
48
4
57
57
56
19
49
39
33
20
16
12
1
45
43
20
28
4
49
17
5
54
11
19
23
49
25
13
18
16
20
59
21
56
15
11
24
33
54
50
15
44
19
54
20
4
40
54
50
60
3
26
51
12
6
48
26
18
31
7
14
27
52
34
7
49
32
59
33
49
15
52
48
58
56
5
32
19
56
54
44
20
52
54
31
60
36
29
12
16
31
1
41
57
17
12
20
27
15
54
6
18
55
28
41
33
10
55
52
25
58
60
23
60
30
57
20
45
21
53
21
41
44
23
16
55
24
2
48
20
52
54
56
58
58
13
2
1
41
25
29
54
15
36
12
14
13
22
60
47
28
45
46
32
24
43
16
42
18
48
20
60
33
8
22
48
57
13
47
52
26
10
55
1
41
41
19
60
49
7
28
15
16
58
18
26
28
44
26
59
47
2
56
12
49
27
17
8
6
13
28
16
12
60
42
45
17
29
21
60
23
44
52
15
1
13
59
25
42
38
7
56
4
21
56
28
23
5
38
30
15
19
6
51
31
38
38
6
18
45
3
44
45
2
8
15
45
55
46
41
1
17
38
53
7
25
15
47
42
33
19
32
41
30
12
32
32
23
17
45
60
49
38
3
45
2
33
6
43
35
56
6
25
2
50
57
55
18
28
22
3
6
28
33
16
9
52
57
33
9
35
20
56
39
58
44
16
26
4
14
51
55
17
19
33
44
32
2
34
28
55
3
34
12
28
42
15
25
13
3
34
55
21
52
27
42
59
55
10
3
31
12
32
52
45
38
50
28
5
6
26
50
7
15
59
35
17
45
6
24
35
30
46
5
39
13
22
31
1
24
36
39
4
22
14
14
30
9
34
11
48
47
22
56
32
41
25
42
15
59
55
42
35
1
23
3
55
32
57
4
53
57
18
22
43
44
48
30
56
38
49
47
23
39
7
17
20
54
5
